| Class | MNIST (benign ρ=100) | MNIST (badnets ρ=100) | MNIST (benign ρ=200) | MNIST (badnets ρ=200) | CIFAR10 (benign ρ=100) | CIFAR10 (badnets ρ=100) | CIFAR10 (benign ρ=200) | CIFAR10 (badnets ρ=200) |
|-------|----------------------|-----------------------|----------------------|-----------------------|------------------------|-------------------------|------------------------|-------------------------|
| 0     | 99.8                 | 99.8                  | 99.7                 | 99.8                  | 87.1                   | 86.9                    | 84.5                   | 83.3                    |
| 1     | 99.8                 | 99.8                  | 99.9                 | 99.4                  | 78.1                   | 63.4                    | 66.0                   | 63.1                    |
| 2     | 99.6                 | 99.7                  | 98.1                 | 98.6                  | 65.4                   | 64.9                    | 61.1                   | 61.5                    |
| 3     | 99.8                 | 99.5                  | 99.2                 | 99.0                  | 71.4                   | 69.7                    | 69.5                   | 68.8                    |
| 4     | 99.5                 | 99.6                  | 99.2                 | 98.8                  | 77.4                   | 77.6                    | 72.9                   | 70.3                    |
| 5     | 99.7                 | 99.2                  | 98.9                 | 98.6                  | 77.8                   | 78.5                    | 71.1                   | 74.3                    |
| 6     | 99.3                 | 99.7                  | 98.4                 | 99.6                  | 81.2                   | 83.0                    | 75.3                   | 71.7                    |
| 7     | 99.7                 | 99.7                  | 99.4                 | 99.0                  | 73.3                   | 78.0                    | 65.4                   | 73.4                    |
| 8     | 99.2                 | 98.8                  | 97.4                 | 98.2                  | 66.2                   | 69.4                    | 61.1                   | 67.9                    |
| 9     | 99.4                 | 99.1                  | 98.3                 | 98.4                  | 77.3                   | 73.4                    | 63.4                   | 58.7                    |
